NUM_NODES: 31
VEHICLE_CAPACITY: 150

COORDINATES:
0, 0     
15, 20   
35, 25   
50, 40     
25, 55     
60, 30     
45, 10     
10, 50     
30, 65     
70, 45     
55, 20     
20, 10     
40, 50     
65, 60     
15, 70     
75, 25     
50, 70     
35, 15     
60, 55     
25, 35     
70, 10     
45, 60     
10, 30    
55, 5      
30, 45     
65, 35     
20, 60     
75, 50     
40, 25    
50, 15     
15, 40     

DEMANDS:
0     
25     
18     
32     
28    
15     
22     
30     
20    
35   
12     
27    
24     
29     
31     
16     
26     
19    
33    
21     
14     
28     
23     
17     
25     
30     
22    
34     
20     
18     
29     